20472097214721982248229823472397244624962544259326412689
27372784283028772922296730123056309931423184322632663306
33463384342234583494353035643597362936613691372137493776
38033828385238753897391839383957397439914006402040334044
40554064407240794084408840924093409440934092408840844079
40724064405540444033402040063991397439573938391838973875
38523828380337763749372136913661362935973564353034943458
34223384334633063266322631843142309930563012296729222877
28302784273726892641259325442496244623972347229822482198
21472097204719971947189618461796174716971648159815501501
1453140513571310126412171172112710821038995952910868
828788748710672636600564530497465433403373
3453182912662422191971761561371201038874
615039302215106210126
101522303950617488103120137156176
197219242266291318345373403433465497530564
600636672710748788828868910952995103810821127
11721217126413101357140514531501155015981648169717471796
1846189619471997
